[ 2.59547196e-02,  2.60272380e-02,  2.78185941e-02,  2.84199119e-02,
        1.18305385e-02,  2.41674180e-03, -2.33476777e-02, -1.40577471e-02,
       -2.63047665e-02, -1.93716921e-02,  9.51804128e-03,  3.83712500e-02,
       -2.51494758e-02,  1.39465034e-02, -1.42770819e-02, -2.19276473e-02,
        4.60332958e-03, -9.77815595e-04,  1.02521837e-04, -7.99854659e-03,
       -4.31089662e-02, -2.79311519e-02,  8.87550320e-03, -2.73027942e-02,
        2.50265542e-02,  7.03422260e-03,  1.66593343e-02, -1.83192119e-02,
        6.18365919e-03, -1.08325165e-02, -1.06014824e-03,  1.85276195e-02,
        1.28328428e-02, -2.83001214e-02, -5.94387390e-03, -5.25482893e-02,
       -2.97177937e-02, -2.53113862e-02,  1.13809165e-02,  1.67177785e-02,
        6.28079195e-03,  1.46824075e-02,  1.10351983e-02, -3.92885692e-02,
       -7.35502876e-03, -7.90969655e-03,  3.91051099e-02,  2.17913147e-02,
       -2.04532258e-02,  6.58513755e-02, -1.73550863e-02, -5.41478507e-02,
       -6.35173321e-02, -9.72891133e-03, -3.29573862e-02,  5.11801010e-03,
       -1.29742753e-02, -1.75557304e-02, -4.54598106e-03, -6.85016578e-03,
        1.31869060e-03, -2.26164069e-02, -1.10522881e-02, -1.89130194e-02,
       -1.17582013e-03,  5.43158539e-02,  7.52826035e-03,  4.47457731e-02,
        1.35766352e-02,  7.73550197e-02, -2.36876514e-02, -2.28927583e-02,
       -2.76930742e-02,  2.69137062e-02,  2.31766123e-02,  3.60356979e-02,
       -1.15435366e-02,  1.09057659e-02,  3.24556939e-02, -3.11777228e-03,
       -2.15034396e-03, -2.63938885e-02,  3.08254082e-02,  2.92259715e-02,
        2.12351438e-02,  4.53826115e-02, -9.35171265e-04,  2.97114775e-02,
        4.97295114e-04, -4.27917913e-02, -1.88376848e-02,  4.25907820e-02,
        1.30043430e-02,  3.51755135e-02, -1.74676348e-02,  9.92015004e-03,
        1.13572543e-02,  1.22880121e-03,  6.36790842e-02,  2.41692886e-02,
        3.33575420e-02,  5.33311181e-02,  6.05669171e-02,  3.61915193e-02,
        3.03041302e-02, -1.73453782e-02, -1.32033452e-02, -1.58492643e-02,
       -1.26968808e-02,  1.35341994e-02, -2.13327803e-04, -8.99713486e-03,
        4.08149883e-02,  8.48494843e-03, -2.12342460e-02,  6.53155893e-03,
        3.81288938e-02,  9.54903942e-03, -2.10539326e-02, -2.92601035e-04,
        2.13583745e-02,  3.76755893e-02,  4.02221456e-02,  7.43344501e-02,
        9.60521400e-02,  1.47476375e-01,  1.63827807e-01,  2.36614496e-01,
        1.77509040e-01,  2.29154438e-01,  1.38269231e-01,  8.28465000e-02,
        4.31730933e-02,  4.82734777e-02,  2.96279825e-02,  4.35910374e-02,
        1.80101227e-02,  2.34384532e-03,  2.28720400e-02,  6.55218842e-04,
        3.31435241e-02, -4.13624942e-02, -3.06600635e-03, -2.50783190e-02,
        9.76368261e-04, -2.47054715e-02, -9.66341048e-03, -6.15678611e-04,
        5.12007764e-03,  6.64508343e-02,  1.46724492e-01,  1.63008198e-01,
        2.48232156e-01,  3.23327124e-01,  4.09394860e-01,  3.80681813e-01,
        3.66104424e-01,  3.84271383e-01,  3.13154966e-01,  2.14669898e-01,
        1.45620257e-01,  4.88719307e-02,  7.58496001e-02,  4.67629880e-02,
        4.27626111e-02,  2.24567428e-02,  1.10140108e-02,  5.44201490e-03,
       -1.23356516e-02,  3.58686931e-02, -3.72138396e-02, -2.78413519e-02,
        3.23535353e-02,  1.71256457e-02,  4.30571772e-02,  3.00983526e-02,
        9.45452452e-02,  1.84729561e-01,  2.62157232e-01,  3.68664682e-01,
        3.56029868e-01,  4.58637267e-01,  5.00219703e-01,  5.25814295e-01,
        4.95806426e-01,  4.89958853e-01,  4.05622512e-01,  2.94125199e-01,
        2.33655021e-01,  1.85248554e-01,  1.06602557e-01,  6.60708845e-02,
       -2.75572762e-03, -1.25518749e-02, -4.40568514e-02, -3.04136146e-02,
       -1.12893237e-02,  8.42459194e-05, -7.90590420e-03,  2.64651235e-02,
        2.92918961e-02,  2.67111957e-02,  8.58891755e-02,  8.77481475e-02,
        1.24673583e-01,  2.38355711e-01,  3.17247450e-01,  3.78373086e-01,
        4.68477577e-01,  5.12460589e-01,  5.94047368e-01,  5.93986273e-01,
        5.41166008e-01,  5.40025771e-01,  4.99421775e-01,  3.91243815e-01,
        2.92548090e-01,  1.94882080e-01,  1.03050806e-01,  1.59257427e-02,
        4.86590303e-02, -8.54074210e-03, -1.65118054e-02, -7.37169897e-03,
        3.67572298e-03, -5.31617645e-03,  4.35809344e-02, -1.30562745e-02,
       -2.02438012e-02,  2.02799495e-02,  7.67250806e-02,  1.47749573e-01,
        1.95142239e-01,  3.04145277e-01,  3.62500370e-01,  4.52521622e-01,
        4.68692750e-01,  5.36158621e-01,  4.79197830e-01,  4.83363569e-01,
        5.29172301e-01,  4.97180641e-01,  4.96345937e-01,  4.14623857e-01,
        3.31962287e-01,  2.59927839e-01,  1.08695559e-01,  2.18107533e-02,
        4.11598869e-02, -1.14552202e-02, -1.55928731e-02, -1.81966741e-02,
       -4.28816378e-02, -2.16032602e-02,  4.60869782e-02,  2.89278291e-02,
        4.48814919e-03,  4.72678654e-02,  8.75533298e-02,  1.00965075e-01,
        2.34340996e-01,  3.52097422e-01,  4.29084361e-01,  4.68106538e-01,
        4.03179049e-01,  4.48678434e-01,  3.90742183e-01,  4.44461316e-01,
        4.47121292e-01,  4.57313478e-01,  4.41451877e-01,  4.11345065e-01,
        2.89490402e-01,  2.25429550e-01,  1.58650950e-01,  8.59309956e-02,
       -2.46898197e-02, -2.29528304e-02, -2.82504018e-02, -3.53809260e-02,
       -1.58350542e-02,  3.24635692e-02,  7.76456576e-03,  2.07061265e-02,
        3.95285711e-03,  4.33383174e-02,  5.54041266e-02,  8.80557001e-02,
        2.07360595e-01,  3.46990615e-01,  4.26592410e-01,  4.00080204e-01,
        3.40949804e-01,  3.54781449e-01,  3.32299262e-01,  3.91414464e-01,
        3.88899863e-01,  4.47405159e-01,  4.31855857e-01,  3.76324922e-01,
        3.38185787e-01,  1.74505115e-01,  1.81650460e-01,  7.23562837e-02,
        1.12867942e-02, -3.56957726e-02,  4.33869511e-02,  1.71939395e-02,
        5.75420596e-02, -2.20782094e-04, -1.32739013e-02,  1.93366800e-02,
        3.26687954e-02,  3.33478749e-02,  1.21752262e-01,  1.41181394e-01,
        2.81057864e-01,  3.77169788e-01,  3.63004714e-01,  3.49312276e-01,
        3.75858784e-01,  3.15558612e-01,  3.14134598e-01,  3.62927049e-01,
        4.37914908e-01,  4.24251556e-01,  4.26714748e-01,  3.39148641e-01,
        2.82091320e-01,  1.48629218e-01,  7.54718110e-02,  1.09884880e-01,
        1.77341178e-02,  7.86846271e-04,  3.88023723e-03,  9.48484638e-04,
        4.97513334e-04,  3.46272513e-02,  3.05962227e-02,  1.96882300e-02,
        3.60674411e-02,  3.72871086e-02,  8.10208321e-02,  1.84126765e-01,
        3.14761311e-01,  3.80139887e-01,  3.75331908e-01,  3.42654228e-01,
        3.24442625e-01,  3.56721550e-01,  4.06430513e-01,  4.17227238e-01,
        4.72525060e-01,  4.75474060e-01,  4.25144613e-01,  3.63917738e-01,
        2.77082473e-01,  1.15280703e-01,  7.84671083e-02,  4.95943315e-02,
        4.91673984e-02, -7.52898725e-03,  1.61530245e-02, -2.11387631e-02,
       -6.85465336e-02, -2.60992199e-02, -2.92662755e-02, -4.98412596e-03,
        4.83429395e-02,  8.88400078e-02,  9.33367088e-02,  1.98502570e-01,
        3.01362127e-01,  3.66012037e-01,  4.22145516e-01,  3.81141037e-01,
        3.89535725e-01,  4.58259493e-01,  4.91978914e-01,  5.22746563e-01,
        5.75314939e-01,  4.94797140e-01,  4.43257093e-01,  3.29394579e-01,
        2.64451951e-01,  1.60151571e-01,  1.03730202e-01,  5.03551885e-02,
        3.58287767e-02, -2.72572301e-02, -3.33972424e-02,  1.78458374e-02,
       -4.46606465e-02,  5.12653380e-04, -2.90661678e-02,  2.46901624e-03,
       -7.63779320e-03,  6.22885339e-02,  1.07370712e-01,  1.53944701e-01,
        3.02715123e-01,  3.47855955e-01,  4.03145939e-01,  3.60536605e-01,
        4.17754769e-01,  4.93004024e-01,  5.47639847e-01,  6.09892547e-01,
        5.78647673e-01,  5.52173138e-01,  4.40896183e-01,  3.20309311e-01,
        2.23762333e-01,  1.49926782e-01,  6.16994202e-02,  4.27401066e-02,
        2.42208224e-02,  6.73452811e-03, -1.61797740e-02, -5.01027191e-03,
        2.80983187e-02, -6.51172828e-03,  1.55152660e-02,  2.87422421e-03,
       -7.30003556e-03,  5.56505285e-02,  1.42666534e-01,  1.50463149e-01,
        3.15170944e-01,  3.75211984e-01,  3.47502917e-01,  3.90966505e-01,
        4.47365642e-01,  5.45801818e-01,  5.42328835e-01,  5.51550686e-01,
        5.48960507e-01,  5.01769900e-01,  4.19871181e-01,  3.42238665e-01,
        2.73673594e-01,  1.87100917e-01,  4.12550010e-02,  5.29865958e-02,
       -5.75398852e-04, -1.86085775e-02, -5.56411827e-03,  2.74745487e-02,
        1.45397745e-02, -4.73541319e-02, -1.74138285e-02,  2.39634514e-02,
        8.70308024e-04,  5.33357523e-02,  1.13138311e-01,  2.28357151e-01,
        2.82018632e-01,  3.21909636e-01,  3.29946637e-01,  4.14370388e-01,
        4.26061213e-01,  5.01134098e-01,  4.95318413e-01,  5.19348800e-01,
        5.10139227e-01,  4.68891889e-01,  3.94957334e-01,  3.41815829e-01,
        2.55036324e-01,  1.15937583e-01,  1.15473479e-01,  6.43616021e-02,
        9.80605092e-03,  4.85662278e-03,  1.10717909e-02,  5.67268534e-03,
       -6.86822506e-03, -4.40470614e-02,  7.32008889e-02,  5.27440049e-02,
        2.16984795e-03,  8.34534913e-02,  1.44394472e-01,  1.34523958e-01,
        2.29405701e-01,  3.24305028e-01,  3.17440063e-01,  3.45701277e-01,
        3.66860747e-01,  4.18156117e-01,  4.73609120e-01,  4.91838366e-01,
        4.56808627e-01,  4.12559301e-01,  3.81951720e-01,  3.00545633e-01,
        2.18310371e-01,  1.89587638e-01,  8.42291340e-02,  2.24449262e-02,
        8.06066953e-03,  2.36974973e-02,  3.57472450e-02,  1.48286875e-02,
       -2.09160168e-02,  1.50738675e-02, -1.19704017e-02, -5.88778686e-03,
        2.24878192e-02,  7.43688047e-02,  6.85441419e-02,  1.45162284e-01,
        2.44132861e-01,  3.11781168e-01,  2.88157225e-01,  3.03281009e-01,
        3.54583979e-01,  3.95386755e-01,  4.16537553e-01,  4.60698307e-01,
        4.62846994e-01,  4.09279495e-01,  3.78947705e-01,  3.32673401e-01,
        2.33976990e-01,  1.62531286e-01,  9.17833969e-02,  4.66457419e-02,
        2.44164951e-02, -7.67036434e-03,  1.69940498e-02, -2.34504347e-03,
       -5.91251068e-02,  8.35860148e-03,  7.04638613e-03,  3.24708708e-02,
        6.23869002e-02,  1.03755631e-01,  1.93159044e-01,  1.82572186e-01,
        2.82023758e-01,  2.73241669e-01,  3.14390928e-01,  3.22087795e-01,
        3.86286020e-01,  4.37589705e-01,  4.43818539e-01,  5.27208269e-01,
        4.77921009e-01,  4.71815228e-01,  3.87119442e-01,  3.19994450e-01,
        1.40947416e-01,  1.30275950e-01,  8.77962783e-02,  1.71723496e-02,
        1.13763800e-02,  1.02348709e-02,  2.57324558e-02,  4.47383150e-02,
        7.69850612e-03,  1.11794444e-02,  1.60367489e-02,  2.56191213e-02,
       -2.77927499e-02,  9.49761644e-02,  1.41133204e-01,  2.23997056e-01,
        3.11212867e-01,  3.57375711e-01,  3.97771597e-01,  4.24247772e-01,
        4.61190283e-01,  4.97215807e-01,  5.22770286e-01,  5.33003688e-01,
        4.88303691e-01,  4.31256175e-01,  3.57210606e-01,  3.23362797e-01,
        1.28343165e-01,  1.00111105e-01,  6.46354854e-02,  3.09730098e-02,
        3.12217604e-02,  6.85725287e-02, -2.17094962e-02, -2.70214807e-02,
       -1.22002074e-02,  1.52866896e-02, -5.98519482e-03, -3.80129889e-02,
        3.73181291e-02,  7.36572593e-02,  9.97086093e-02,  2.51702666e-01,
        2.47192487e-01,  4.09984797e-01,  4.27433133e-01,  4.74049360e-01,
        5.31759441e-01,  5.45466900e-01,  5.78272939e-01,  5.39123356e-01,
        4.72655654e-01,  3.50574642e-01,  2.86190450e-01,  1.90486595e-01,
        1.05798841e-01,  7.87756816e-02,  4.28509451e-02,  2.01393273e-02,
        6.95704715e-03,  1.79658795e-03, -1.23679014e-02,  1.65742058e-02,
        2.42233295e-02,  1.20651093e-03, -2.31518950e-02,  3.88488322e-02,
       -3.20316106e-02,  4.12729867e-02,  8.85488465e-02,  1.55888751e-01,
        2.05223277e-01,  3.48321587e-01,  4.42580670e-01,  5.13854444e-01,
        4.99990553e-01,  5.14522254e-01,  4.98521954e-01,  4.65746760e-01,
        3.66328001e-01,  2.28260055e-01,  1.65734306e-01,  1.46496996e-01,
        9.43946987e-02,  5.49120791e-02,  2.93936860e-02, -1.88236625e-03,
        4.73529100e-02,  7.44773960e-03, -2.86031943e-02, -1.14085991e-02,
       -1.01130204e-02, -1.67086851e-02,  6.59643859e-03,  4.31249067e-02,
       -1.43184955e-03,  4.73296382e-02,  1.44787598e-02,  1.25808120e-01,
        1.89646587e-01,  2.83535480e-01,  3.49120170e-01,  3.99506599e-01,
        4.34397131e-01,  4.25376683e-01,  3.67971301e-01,  3.26238781e-01,
        2.38298997e-01,  1.78872034e-01,  1.12292178e-01,  5.91349602e-02,
        3.28825898e-02,  3.87472622e-02,  3.41874808e-02,  1.06436424e-02,
       -1.69893242e-02,  8.16724263e-03,  5.48120821e-03, -1.54176708e-02,
       -4.13390808e-03,  6.95334142e-03, -1.34155406e-02,  9.04302020e-03,
        3.24996710e-02,  1.15427291e-02,  1.31836664e-02,  3.61875556e-02,
        6.81300387e-02,  8.55716243e-02,  1.29614905e-01,  1.98647276e-01,
        2.69845575e-01,  1.69105753e-01,  1.84033260e-01,  1.62678450e-01,
        1.23504765e-01,  7.36257732e-02,  8.14903900e-02,  3.48408669e-02,
       -2.48820242e-03, -1.17903193e-02, -1.08912177e-02, -1.02549875e-02,
       -1.28330039e-02, -1.88048230e-03,  1.70362294e-02,  1.03353895e-02,
        1.57571081e-02,  1.50683075e-02, -1.22473324e-02,  1.98106654e-02,
        2.06105020e-02,  3.51553527e-03, -4.42652926e-02,  5.39329685e-02,
        4.40154038e-02,  1.17587894e-02,  8.71090889e-02,  4.72060256e-02,
        9.27666649e-02,  1.15703136e-01,  4.66586724e-02,  7.93439224e-02,
        2.73395348e-02,  4.43335585e-02, -2.54271943e-02,  3.52792186e-03,
        4.61719520e-02, -4.86050434e-02,  3.08418274e-02, -3.50720994e-03,
       -5.44653721e-02,  3.97442766e-02, -8.97253491e-03, -1.47454126e-03,
        1.86041761e-02,  4.14319821e-02,  2.89300643e-02, -2.77916919e-02,
       -2.54372116e-02,  5.20366132e-02, -1.83063727e-02, -2.23923419e-02,
       -1.69096049e-02, -8.62169452e-03,  1.26573704e-02,  3.30522247e-02,
        1.90078560e-02,  3.12977657e-02,  7.02328235e-02,  3.55395302e-02,
        5.69384918e-02, -2.99205538e-03,  3.66617925e-02,  1.83687638e-02,
       -2.78315917e-02,  1.98508482e-02, -5.41355344e-04,  2.62784250e-02,
        3.99572495e-03, -1.43415842e-03, -3.25551862e-03,  1.60179920e-02,
        3.29224928e-03,  8.76317360e-03,  6.00756407e-02, -1.43854497e-02,
        3.59529965e-02,  4.05767979e-03,  6.85842591e-04, -1.24687348e-02,
        6.17236309e-02,  2.01442349e-03, -1.14726294e-02,  1.73504241e-02,
        2.62552910e-02,  6.66728839e-02, -2.58394191e-03,  1.52305849e-02,
       -9.12762247e-03, -5.51681314e-03,  1.80274155e-02,  1.11518679e-02,
        3.03432555e-03, -1.08767152e-02, -1.12435846e-02,  2.24677636e-03,
        1.86326392e-02, -9.42580681e-03,  2.07169577e-02,  3.95856127e-02]